17 32
29 76
98 193
53 274
95 299
95 319
50 364
73 426
21 794
65 804
18 1099
7 1121
26 1178
33 1501
18 1508
82 1653
87 1708
85 1727
92 1850
39 1884
92 2070
24 2143
23 2164
24 2183
15 2218
62 2225
58 2583
14 2601
69 2665
63 2781
91 3125
35 3289
7 3392
44 3396
32 3550
81 3704
19 3869
50 3904
26 4228
37 4740
59 4891
20 5014
39 5129
66 5135
39 5310
39 5323
86 5356
7 5370
65 5572
53 5594
67 5627
72 5833
40 5843
44 5963
77 5997
8 6019
91 6062
7 6111
43 6114
9 6156
6 6356
25 6444
71 6660
54 6745
19 6779
99 6819
68 6930
90 6996
71 7100
17 7103
90 7311
11 7355
100 7436
92 7583
17 7609
52 7766
27 7851
13 7863
80 7879
31 8069
74 8128
60 8290
98 8319
36 8362
92 8389
59 8511
19 8917
64 8961
51 8994
32 8995
45 9137
94 9257
5 9267
38 9469
11 9590
70 9603
76 9622
8 9745
60 9762
68 9927