87 46
5 65
10 96
45 131
79 254
99 434
29 444
96 504
79 521
23 577
14 757
40 792
61 870
40 1006
63 1096
44 1245
26 1439
81 1505
8 1682
17 1882
79 2054
33 2100
47 2103
71 2265
86 2290
30 2381
21 2399
64 2539
35 2678
76 2703
42 3071
43 3145
43 3319
8 3426
21 3431
37 3610
61 3872
63 3976
40 4042
52 4048
80 4101
5 4218
35 4279
35 4322
80 4439
14 4643
35 4914
72 5141
88 5195
32 5210
29 5289
20 5381
47 5382
39 5556
64 5847
56 5975
59 6010
57 6210
11 6266
53 6409
31 6470
33 6472
4 6561
78 6681
39 6915
94 7051
11 7096
33 7110
56 7138
75 7179
69 7273
87 7536
85 7572
41 7595
6 7624
54 7668
3 7833
78 7864
74 7954
61 8132
70 8342
88 8343
32 8493
66 8552
77 8597
34 8713
8 8721
26 8733
93 8807
74 8948
96 8956
4 9067
1 9129
66 9266
47 9414
90 9449
26 9492
36 9749
50 9766
32 9793