5.333333 4.6666665 4.2222223 5.3333335 6.0 4.5555563 5.3333335 3.2222223 4.2222223 3.7777777 
4.7777777 4.0 3.4444447 4.111111 5.111111 5.0 5.5555553 4.2222223 4.888889 4.555556 
3.4444447 2.7777781 2.1111112 2.2222226 3.8888888 5.0000005 5.3333335 4.666667 4.666667 4.555556 
5.0 3.7777777 3.0 2.0000002 2.777778 3.3333337 3.5555558 4.8888893 4.3333335 4.0 
5.666667 4.333333 3.7777777 2.6666667 3.1111112 2.888889 3.6666667 5.2222223 4.4444447 3.8888888 
6.7777777 4.7777777 3.7777781 3.0 3.777778 3.4444444 4.666667 5.555556 5.666667 5.2222223 
4.5555553 4.2222223 4.1111116 4.2222223 4.8888893 5.0 5.777777 5.7777777 6.0 5.777778 
4.7777777 4.666667 4.0 3.3333335 4.111111 5.2222223 5.444444 4.666667 4.333334 4.4444447 
5.0 5.444444 4.555556 3.777778 2.777778 4.2222223 4.3333335 4.777778 3.5555556 3.5555556 
6.3333335 6.0 3.6666667 2.6666667 0.8888889 3.0 3.6666667 4.666667 3.2222223 3.5555556 
