17 32
87 46
36 59
5 65
34 74
29 76
10 96
38 124
45 131
58 147
62 186
98 193
79 254
53 274
95 299
95 319
20 337
94 358
50 364
73 426
99 434
22 435
29 444
96 504
79 521
84 535
40 540
60 549
39 550
21 562
7 563
23 577
1 612
95 636
52 644
65 673
34 674
84 688
8 715
14 757
55 760
40 792
53 794
65 804
23 858
61 870
26 881
37 889
72 914
53 944
57 973
40 1006
24 1075
63 1096
9 1098
18 1099
54 1115
7 1121
31 1145
91 1163
42 1176
26 1178
6 1222
78 1245
15 1314
80 1353
15 1410
26 1439
68 1454
33 1501
81 1505
18 1508
48 1529
72 1543
9 1548
71 1553
3 1648
82 1653
8 1682
87 1708
85 1727
6 1752
92 1850
17 1882
39 1884
74 1943
31 1954
84 1968
88 2003
132 2054
92 2070
34 2074
89 2085
33 2100
47 2103
24 2143
67 2148
23 2164
66 2170
24 2183
13 2188
15 2218
12 2222
62 2225
71 2265
2 2285
86 2290
15 2292
8 2312
30 2381
88 2390
21 2399
56 2420
16 2466
96 2477
47 2510
8 2518
64 2539
58 2583
69 2600
14 2601
93 2626
69 2665
35 2678
16 2688
76 2703
63 2781
87 2792
3 2807
55 2828
57 2841
24 2853
18 2882
13 2960
23 3006
30 3025
54 3048
42 3071
27 3079
30 3095
10 3101
51 3114
34 3121
91 3125
67 3130
43 3145
1 3157
67 3202
4 3207
64 3214
83 3288
35 3289
43 3319
7 3392
97 3395
44 3396
8 3426
21 3431
41 3453
69 3478
4 3496
49 3530
27 3537
15 3541
32 3550
72 3566
37 3610
45 3648
15 3672
92 3678
67 3702
81 3704
22 3826
96 3844
19 3869
61 3872
63 3891
50 3904
83 3945
46 3974
63 3976
44 3986
56 3996
29 4001
49 4035
40 4042
52 4048
38 4099
80 4101
67 4122
89 4167
58 4214
5 4218
26 4228
73 4240
35 4279
19 4300
51 4303
2 4319
35 4322
59 4330
52 4344
81 4398
80 4439
8 4504
84 4524
20 4548
18 4592
14 4643
76 4686
16 4710
37 4740
8 4743
53 4872
59 4891
16 4896
20 4906
81 4912
35 4914
57 4942
5 4964
6 4972
84 4990
20 5014
87 5026
44 5035
80 5075
9 5076
39 5129
66 5135
72 5141
88 5195
32 5210
56 5248
29 5289
56 5299
39 5310
39 5323
140 5356
56 5360
19 5368
7 5370
20 5381
47 5382
36 5423
30 5522
39 5556
87 5572
123 5591
53 5594
67 5627
81 5656
93 5685
88 5706
45 5742
52 5767
25 5777
71 5802
72 5833
40 5843
64 5847
61 5865
86 5922
18 5935
44 5963
56 5975
17 5987
81 5991
77 5997
132 6010
8 6019
62 6027
91 6062
92 6073
11 6092
7 6111
43 6114
9 6156
11 6162
57 6210
100 6235
11 6266
15 6283
6 6356
23 6360
67 6408
141 6409
46 6431
25 6444
10 6465
31 6470
33 6472
80 6475
92 6482
52 6517
26 6521
4 6561
25 6562
75 6578
80 6593
71 6660
72 6665
14 6669
78 6681
59 6690
32 6692
38 6709
101 6745
20 6748
17 6758
19 6779
53 6795
99 6819
79 6834
33 6860
14 6877
91 6903
60 6908
39 6915
63 6922
47 6923
68 6930
34 6947
90 6996
24 7036
94 7051
14 7093
11 7096
71 7100
17 7103
34 7109
33 7110
86 7131
94 7133
56 7138
86 7161
75 7179
94 7219
25 7248
69 7273
90 7311
53 7324
11 7355
67 7362
19 7399
75 7416
100 7436
59 7439
9 7476
25 7478
73 7479
44 7518
35 7523
42 7527
87 7536
92 7547
40 7569
85 7572
92 7583
41 7595
17 7609
6 7624
54 7668
59 7674
100 7723
30 7725
40 7748
141 7766
27 7796
14 7804
3 7833
58 7847
27 7851
13 7863
78 7864
80 7879
64 7938
124 7954
9 7955
31 7995
49 8047
31 8069
3 8104
59 8119
74 8128
61 8132
66 8135
20 8152
9 8236
94 8270
60 8290
98 8291
45 8303
98 8319
70 8342
123 8343
36 8362
92 8389
36 8420
39 8427
32 8493
42 8501
158 8511
98 8525
24 8531
66 8552
77 8597
45 8640
34 8713
95 8717
9 8720
8 8721
26 8733
57 8769
89 8800
93 8807
1 8809
74 8838
51 8841
88 8854
48 8871
70 8877
44 8897
19 8917
92 8937
8 8939
74 8948
96 8956
64 8961
10 8982
8 8992
51 8994
32 8995
57 9008
60 9019
7 9023
97 9040
33 9052
4 9067
1 9086
1 9129
45 9137
6 9186
30 9234
94 9257
66 9266
5 9267
26 9279
19 9330
96 9331
76 9371
47 9414
28 9421
90 9449
38 9469
26 9492
47 9496
82 9509
15 9553
15 9556
11 9590
48 9602
70 9603
50 9606
86 9616
76 9622
12 9626
22 9652
61 9685
53 9705
68 9721
32 9743
8 9745
69 9748
36 9749
60 9762
83 9766
32 9793
87 9810
22 9814
91 9828
68 9927
12 9987
76 9996
