76 9996
12 9987
68 9927
91 9828
22 9814
87 9810
32 9793
83 9766
60 9762
36 9749
69 9748
8 9745
32 9743
68 9721
53 9705
61 9685
22 9652
12 9626
76 9622
86 9616
50 9606
70 9603
48 9602
11 9590
15 9556
15 9553
82 9509
47 9496
26 9492
38 9469
90 9449
28 9421
47 9414
76 9371
96 9331
19 9330
26 9279
5 9267
66 9266
94 9257
30 9234
6 9186
45 9137
1 9129
1 9086
4 9067
33 9052
97 9040
7 9023
60 9019
57 9008
32 8995
51 8994
8 8992
10 8982
64 8961
96 8956
74 8948
8 8939
92 8937
19 8917
44 8897
70 8877
48 8871
88 8854
51 8841
74 8838
1 8809
93 8807
89 8800
57 8769
26 8733
8 8721
9 8720
95 8717
34 8713
45 8640
77 8597
66 8552
24 8531
98 8525
158 8511
42 8501
32 8493
39 8427
36 8420
92 8389
36 8362
123 8343
70 8342
98 8319
45 8303
98 8291
60 8290
94 8270
9 8236
20 8152
66 8135
61 8132
74 8128
59 8119
3 8104
31 8069
49 8047
31 7995
9 7955
124 7954
64 7938
80 7879
78 7864
13 7863
27 7851
58 7847
3 7833
14 7804
27 7796
141 7766
40 7748
30 7725
100 7723
59 7674
54 7668
6 7624
17 7609
41 7595
92 7583
85 7572
40 7569
92 7547
87 7536
42 7527
35 7523
44 7518
73 7479
25 7478
9 7476
59 7439
100 7436
75 7416
19 7399
67 7362
11 7355
53 7324
90 7311
69 7273
25 7248
94 7219
75 7179
86 7161
56 7138
94 7133
86 7131
33 7110
34 7109
17 7103
71 7100
11 7096
14 7093
94 7051
24 7036
90 6996
34 6947
68 6930
47 6923
63 6922
39 6915
60 6908
91 6903
14 6877
33 6860
79 6834
99 6819
53 6795
19 6779
17 6758
20 6748
101 6745
38 6709
32 6692
59 6690
78 6681
14 6669
72 6665
71 6660
80 6593
75 6578
25 6562
4 6561
26 6521
52 6517
92 6482
80 6475
33 6472
31 6470
10 6465
25 6444
46 6431
141 6409
67 6408
23 6360
6 6356
15 6283
11 6266
100 6235
57 6210
11 6162
9 6156
43 6114
7 6111
11 6092
92 6073
91 6062
62 6027
8 6019
132 6010
77 5997
81 5991
17 5987
56 5975
44 5963
18 5935
86 5922
61 5865
64 5847
40 5843
72 5833
71 5802
25 5777
52 5767
45 5742
88 5706
93 5685
81 5656
67 5627
53 5594
123 5591
87 5572
39 5556
30 5522
36 5423
47 5382
20 5381
7 5370
19 5368
56 5360
140 5356
39 5323
39 5310
56 5299
29 5289
56 5248
32 5210
88 5195
72 5141
66 5135
39 5129
9 5076
80 5075
44 5035
87 5026
20 5014
84 4990
6 4972
5 4964
57 4942
35 4914
81 4912
20 4906
16 4896
59 4891
53 4872
8 4743
37 4740
16 4710
76 4686
14 4643
18 4592
20 4548
84 4524
8 4504
80 4439
81 4398
52 4344
59 4330
35 4322
2 4319
51 4303
19 4300
35 4279
73 4240
26 4228
5 4218
58 4214
89 4167
67 4122
80 4101
38 4099
52 4048
40 4042
49 4035
29 4001
56 3996
44 3986
63 3976
46 3974
83 3945
50 3904
63 3891
61 3872
19 3869
96 3844
22 3826
81 3704
67 3702
92 3678
15 3672
45 3648
37 3610
72 3566
32 3550
15 3541
27 3537
49 3530
4 3496
69 3478
41 3453
21 3431
8 3426
44 3396
97 3395
7 3392
43 3319
35 3289
83 3288
64 3214
4 3207
67 3202
1 3157
43 3145
67 3130
91 3125
34 3121
51 3114
10 3101
30 3095
27 3079
42 3071
54 3048
30 3025
23 3006
13 2960
18 2882
24 2853
57 2841
55 2828
3 2807
87 2792
63 2781
76 2703
16 2688
35 2678
69 2665
93 2626
14 2601
69 2600
58 2583
64 2539
8 2518
47 2510
96 2477
16 2466
56 2420
21 2399
88 2390
30 2381
8 2312
15 2292
86 2290
2 2285
71 2265
62 2225
12 2222
15 2218
13 2188
24 2183
66 2170
23 2164
67 2148
24 2143
47 2103
33 2100
89 2085
34 2074
92 2070
132 2054
88 2003
84 1968
31 1954
74 1943
39 1884
17 1882
92 1850
6 1752
85 1727
87 1708
8 1682
82 1653
3 1648
71 1553
9 1548
72 1543
48 1529
18 1508
81 1505
33 1501
68 1454
26 1439
15 1410
80 1353
15 1314
78 1245
6 1222
26 1178
42 1176
91 1163
31 1145
7 1121
54 1115
18 1099
9 1098
63 1096
24 1075
40 1006
57 973
53 944
72 914
37 889
26 881
61 870
23 858
65 804
53 794
40 792
55 760
14 757
8 715
84 688
34 674
65 673
52 644
95 636
1 612
23 577
7 563
21 562
39 550
60 549
40 540
84 535
79 521
96 504
29 444
22 435
99 434
73 426
50 364
94 358
20 337
95 319
95 299
53 274
79 254
98 193
62 186
58 147
45 131
38 124
10 96
29 76
34 74
5 65
36 59
87 46
