34 74
62 186
20 337
21 562
52 644
37 889
72 914
24 1075
9 1098
31 1145
42 1176
34 1245
9 1548
71 1553
3 1648
6 1752
74 1943
31 1954
15 2003
67 2148
66 2170
96 2477
87 2792
3 2807
24 2853
13 2960
10 3101
1 3157
83 3288
41 3453
15 3541
72 3566
92 3678
83 3945
46 3974
29 4001
49 4035
67 4122
58 4214
81 4398
84 4524
20 4548
76 4686
8 4743
16 4896
20 4906
5 4964
56 5248
56 5360
36 5423
30 5522
22 5572
53 5591
81 5656
45 5742
25 5777
17 5987
73 6010
11 6092
15 6283
23 6360
67 6408
52 6517
72 6665
14 6669
38 6709
47 6745
20 6748
17 6758
91 6903
24 7036
86 7131
53 7324
59 7439
25 7478
14 7804
58 7847
31 7995
49 8047
3 8104
59 8119
66 8135
98 8291
35 8343
45 8640
9 8720
89 8800
1 8809
48 8871
44 8897
92 8937
7 9023
97 9040
26 9279
28 9421
50 9606
32 9743
69 9748
22 9814
76 9996