22 435
84 535
95 636
65 673
84 688
8 715
23 858
57 973
54 1115
91 1163
6 1222
15 1314
68 1454
48 1529
72 1543
84 1968
53 2054
13 2188
12 2222
2 2285
8 2312
88 2390
56 2420
16 2466
47 2510
8 2518
16 2688
18 2882
27 3079
30 3095
51 3114
34 3121
64 3214
4 3496
49 3530
27 3537
45 3648
22 3826
96 3844
28 3996
38 4099
89 4167
73 4240
19 4300
51 4303
2 4319
59 4330
52 4344
16 4710
53 4872
87 5026
80 5075
56 5299
70 5591
71 5802
62 6027
92 6073
11 6162
88 6409
46 6431
80 6475
80 6593
59 6690
53 6795
79 6834
33 6860
60 6908
94 7133
25 7248
67 7362
19 7399
9 7476
42 7527
92 7547
59 7674
64 7938
9 7955
9 8236
94 8270
39 8427
99 8511
95 8717
74 8838
51 8841
8 8939
57 9008
33 9052
30 9234
19 9330
96 9331
76 9371
47 9496
82 9509
15 9553
48 9602
86 9616
22 9652
53 9705
87 9810
91 9828