36 59
38 124
58 147
94 358
40 540
60 549
39 550
7 563
1 612
34 674
55 760
32 794
26 881
53 944
80 1353
15 1410
73 2003
34 2074
89 2085
15 2292
69 2600
93 2626
55 2828
57 2841
23 3006
30 3025
54 3048
67 3130
67 3202
4 3207
97 3395
69 3478
15 3672
67 3702
63 3891
44 3986
28 3996
8 4504
18 4592
81 4912
57 4942
6 4972
84 4990
44 5035
9 5076
54 5356
19 5368
93 5685
88 5706
52 5767
61 5865
86 5922
18 5935
81 5991
100 6235
10 6465
92 6482
26 6521
25 6562
75 6578
32 6692
14 6877
63 6922
47 6923
34 6947
14 7093
34 7109
86 7161
94 7219
75 7416
73 7479
44 7518
35 7523
40 7569
100 7723
30 7725
40 7748
89 7766
27 7796
50 7954
20 8152
45 8303
36 8420
42 8501
98 8525
24 8531
57 8769
88 8854
70 8877
10 8982
8 8992
60 9019
1 9086
6 9186
15 9556
12 9626
61 9685
68 9721
33 9766
12 9987